+----------+--------------+------------+------------+------------+------------+------------+------------+------------+
|  Params  |   Quantity   |     Q1     |     Q5     |    Q30     |    Q50     |    Q70     |    Q95     |    Q99     |
+----------+--------------+------------+------------+------------+------------+------------+------------+------------+
| (16, 5)  |              |            |            |            |            |            |            |            |
|          | WT-wise (%)  | 0.0000e+00 | 1.7640e-03 | 3.9124e-02 | 1.1165e-01 | 8.8756e-01 | 8.0095e+00 | 3.6083e+01 |
|          | Sim-wise (%) | 2.6075e-04 | 1.0484e-03 | 6.1368e-03 | 6.2751e-02 | 5.1118e-01 | 6.0504e+00 | 1.5659e+01 |
+----------+--------------+------------+------------+------------+------------+------------+------------+------------+
| (16, 10) |              |            |            |            |            |            |            |            |
|          | WT-wise (%)  | 0.0000e+00 | 1.9312e-03 | 4.1628e-02 | 1.1986e-01 | 8.9022e-01 | 8.1608e+00 | 3.5649e+01 |
|          | Sim-wise (%) | 1.6636e-04 | 9.9886e-04 | 8.5155e-03 | 6.5758e-02 | 5.0227e-01 | 6.0339e+00 | 1.6487e+01 |
+----------+--------------+------------+------------+------------+------------+------------+------------+------------+
| (16, 30) |              |            |            |            |            |            |            |            |
|          | WT-wise (%)  | 0.0000e+00 | 2.6230e-03 | 5.7018e-02 | 1.6457e-01 | 9.8760e-01 | 8.2864e+00 | 3.6710e+01 |
|          | Sim-wise (%) | 2.1026e-04 | 1.3088e-03 | 9.8072e-03 | 7.2127e-02 | 5.1432e-01 | 6.0485e+00 | 1.6166e+01 |
+----------+--------------+------------+------------+------------+------------+------------+------------+------------+
| (16, 50) |              |            |            |            |            |            |            |            |
|          | WT-wise (%)  | 0.0000e+00 | 3.4439e-03 | 7.8045e-02 | 2.1660e-01 | 1.0672e+00 | 8.5665e+00 | 3.6373e+01 |
|          | Sim-wise (%) | 3.5932e-04 | 1.9087e-03 | 1.3221e-02 | 9.1992e-02 | 5.3739e-01 | 5.5127e+00 | 1.7063e+01 |
+----------+--------------+------------+------------+------------+------------+------------+------------+------------+
| (24, 5)  |              |            |            |            |            |            |            |            |
|          | WT-wise (%)  | 0.0000e+00 | 8.9400e-04 | 1.9310e-02 | 6.6197e-02 | 8.2547e-01 | 7.5297e+00 | 3.5571e+01 |
|          | Sim-wise (%) | 6.7554e-05 | 4.8280e-04 | 3.7667e-03 | 6.5049e-02 | 5.0384e-01 | 5.9537e+00 | 1.6250e+01 |
+----------+--------------+------------+------------+------------+------------+------------+------------+------------+
| (24, 10) |              |            |            |            |            |            |            |            |
|          | WT-wise (%)  | 0.0000e+00 | 9.6560e-04 | 2.1899e-02 | 7.8976e-02 | 8.3422e-01 | 7.6760e+00 | 3.5833e+01 |
|          | Sim-wise (%) | 9.6530e-05 | 5.8618e-04 | 4.7338e-03 | 6.3125e-02 | 5.0162e-01 | 6.0000e+00 | 1.6329e+01 |
+----------+--------------+------------+------------+------------+------------+------------+------------+------------+
| (24, 30) |              |            |            |            |            |            |            |            |
|          | WT-wise (%)  | 0.0000e+00 | 1.8477e-03 | 4.3172e-02 | 1.3999e-01 | 9.1294e-01 | 7.8351e+00 | 3.6653e+01 |
|          | Sim-wise (%) | 2.9029e-04 | 9.7127e-04 | 7.3855e-03 | 7.6155e-02 | 4.9087e-01 | 5.8218e+00 | 1.6457e+01 |
+----------+--------------+------------+------------+------------+------------+------------+------------+------------+
| (24, 50) |              |            |            |            |            |            |            |            |
|          | WT-wise (%)  | 0.0000e+00 | 3.0041e-03 | 6.6972e-02 | 1.9593e-01 | 9.9651e-01 | 8.1490e+00 | 3.6540e+01 |
|          | Sim-wise (%) | 2.2422e-04 | 1.5124e-03 | 1.0538e-02 | 9.2112e-02 | 5.1361e-01 | 5.4936e+00 | 1.6986e+01 |
+----------+--------------+------------+------------+------------+------------+------------+------------+------------+
| (32, 5)  |              |            |            |            |            |            |            |            |
|          | WT-wise (%)  | 0.0000e+00 | 6.9100e-04 | 1.5116e-02 | 6.0618e-02 | 8.0813e-01 | 7.4529e+00 | 3.5615e+01 |
|          | Sim-wise (%) | 7.7517e-05 | 4.4334e-04 | 3.1654e-03 | 6.5589e-02 | 4.9294e-01 | 6.0509e+00 | 1.5929e+01 |
+----------+--------------+------------+------------+------------+------------+------------+------------+------------+
| (32, 10) |              |            |            |            |            |            |            |            |
|          | WT-wise (%)  | 0.0000e+00 | 8.1100e-04 | 1.7762e-02 | 7.3533e-02 | 8.2321e-01 | 7.6293e+00 | 3.5990e+01 |
|          | Sim-wise (%) | 1.1027e-04 | 5.6561e-04 | 3.9492e-03 | 6.3416e-02 | 5.0568e-01 | 6.0705e+00 | 1.7002e+01 |
+----------+--------------+------------+------------+------------+------------+------------+------------+------------+
| (32, 30) |              |            |            |            |            |            |            |            |
|          | WT-wise (%)  | 0.0000e+00 | 1.8045e-03 | 4.2021e-02 | 1.3861e-01 | 9.1657e-01 | 7.8586e+00 | 3.6617e+01 |
|          | Sim-wise (%) | 2.1010e-04 | 1.0665e-03 | 7.3800e-03 | 7.6166e-02 | 4.9691e-01 | 5.7707e+00 | 1.6551e+01 |
+----------+--------------+------------+------------+------------+------------+------------+------------+------------+
| (32, 50) |              |            |            |            |            |            |            |            |
|          | WT-wise (%)  | 0.0000e+00 | 2.9560e-03 | 6.6674e-02 | 1.9375e-01 | 9.8389e-01 | 8.0711e+00 | 3.6281e+01 |
|          | Sim-wise (%) | 3.3365e-04 | 1.4944e-03 | 1.0421e-02 | 8.7155e-02 | 4.9635e-01 | 5.5553e+00 | 1.7523e+01 |
+----------+--------------+------------+------------+------------+------------+------------+------------+------------+
| (40, 5)  |              |            |            |            |            |            |            |            |
|          | WT-wise (%)  | 0.0000e+00 | 7.1500e-04 | 1.5092e-02 | 5.9843e-02 | 8.0536e-01 | 7.4671e+00 | 3.5706e+01 |
|          | Sim-wise (%) | 8.6193e-05 | 4.2315e-04 | 3.2422e-03 | 6.4656e-02 | 5.0596e-01 | 5.9428e+00 | 1.6037e+01 |
+----------+--------------+------------+------------+------------+------------+------------+------------+------------+
| (40, 10) |              |            |            |            |            |            |            |            |
|          | WT-wise (%)  | 0.0000e+00 | 8.3450e-04 | 1.7929e-02 | 7.3717e-02 | 8.1924e-01 | 7.5383e+00 | 3.5987e+01 |
|          | Sim-wise (%) | 8.6529e-05 | 5.2448e-04 | 3.9961e-03 | 6.6025e-02 | 5.0024e-01 | 5.9433e+00 | 1.6803e+01 |
+----------+--------------+------------+------------+------------+------------+------------+------------+------------+
| (40, 30) |              |            |            |            |            |            |            |            |
|          | WT-wise (%)  | 0.0000e+00 | 1.7524e-03 | 4.2260e-02 | 1.3896e-01 | 9.1271e-01 | 7.8339e+00 | 3.6781e+01 |
|          | Sim-wise (%) | 1.9120e-04 | 9.4675e-04 | 7.2968e-03 | 7.9091e-02 | 5.1167e-01 | 5.7606e+00 | 1.6956e+01 |
+----------+--------------+------------+------------+------------+------------+------------+------------+------------+
| (40, 50) |              |            |            |            |            |            |            |            |
|          | WT-wise (%)  | 0.0000e+00 | 2.9440e-03 | 6.6972e-02 | 1.9512e-01 | 9.9093e-01 | 8.0728e+00 | 3.6367e+01 |
|          | Sim-wise (%) | 3.3619e-04 | 1.5320e-03 | 1.0567e-02 | 8.5019e-02 | 5.1103e-01 | 5.6713e+00 | 1.7449e+01 |
+----------+--------------+------------+------------+------------+------------+------------+------------+------------+
| (48, 5)  |              |            |            |            |            |            |            |            |
|          | WT-wise (%)  | 0.0000e+00 | 7.1500e-04 | 1.5128e-02 | 6.0618e-02 | 8.0818e-01 | 7.4472e+00 | 3.5736e+01 |
|          | Sim-wise (%) | 8.7030e-05 | 4.0948e-04 | 3.0930e-03 | 6.8350e-02 | 5.0072e-01 | 6.0758e+00 | 1.6201e+01 |
+----------+--------------+------------+------------+------------+------------+------------+------------+------------+
| (48, 10) |              |            |            |            |            |            |            |            |
|          | WT-wise (%)  | 0.0000e+00 | 7.8680e-04 | 1.7417e-02 | 7.3012e-02 | 8.2345e-01 | 7.5802e+00 | 3.5828e+01 |
|          | Sim-wise (%) | 7.2495e-05 | 4.4221e-04 | 3.9504e-03 | 7.0692e-02 | 4.9639e-01 | 6.0071e+00 | 1.7078e+01 |
+----------+--------------+------------+------------+------------+------------+------------+------------+------------+
| (48, 30) |              |            |            |            |            |            |            |            |
|          | WT-wise (%)  | 0.0000e+00 | 1.7881e-03 | 4.2140e-02 | 1.3886e-01 | 9.1078e-01 | 7.8211e+00 | 3.6767e+01 |
|          | Sim-wise (%) | 2.6642e-04 | 1.0571e-03 | 7.2697e-03 | 7.9099e-02 | 5.1270e-01 | 5.8961e+00 | 1.6839e+01 |
+----------+--------------+------------+------------+------------+------------+------------+------------+------------+
| (48, 50) |              |            |            |            |            |            |            |            |
|          | WT-wise (%)  | 0.0000e+00 | 2.9560e-03 | 6.7329e-02 | 1.9618e-01 | 9.9509e-01 | 8.0903e+00 | 3.6362e+01 |
|          | Sim-wise (%) | 2.1511e-04 | 1.5116e-03 | 1.0593e-02 | 8.5836e-02 | 5.1171e-01 | 5.8068e+00 | 1.7552e+01 |
+----------+--------------+------------+------------+------------+------------+------------+------------+------------+
