+----------+--------------+------------+------------+------------+------------+------------+------------+------------+
|  Params  |   Quantity   |     Q1     |     Q5     |    Q30     |    Q50     |    Q70     |    Q95     |    Q99     |
+----------+--------------+------------+------------+------------+------------+------------+------------+------------+
| (16, 5)  |              |            |            |            |            |            |            |            |
|          | WT-wise (%)  | 0.0000e+00 | 7.8700e-04 | 1.7119e-02 | 6.1274e-02 | 6.8262e-01 | 6.8921e+00 | 3.5221e+01 |
|          | Sim-wise (%) | 4.0788e-05 | 2.3006e-04 | 2.1769e-03 | 6.0817e-02 | 4.3046e-01 | 5.8344e+00 | 1.6305e+01 |
+----------+--------------+------------+------------+------------+------------+------------+------------+------------+
| (16, 10) |              |            |            |            |            |            |            |            |
|          | WT-wise (%)  | 0.0000e+00 | 7.9900e-04 | 1.7810e-02 | 6.3106e-02 | 6.9405e-01 | 7.1285e+00 | 3.5106e+01 |
|          | Sim-wise (%) | 6.4174e-05 | 3.2132e-04 | 2.3384e-03 | 5.9265e-02 | 4.3938e-01 | 5.8611e+00 | 1.6331e+01 |
+----------+--------------+------------+------------+------------+------------+------------+------------+------------+
| (16, 30) |              |            |            |            |            |            |            |            |
|          | WT-wise (%)  | 0.0000e+00 | 9.6600e-04 | 2.0194e-02 | 7.1931e-02 | 7.2116e-01 | 7.1746e+00 | 3.6237e+01 |
|          | Sim-wise (%) | 6.1525e-05 | 3.6236e-04 | 2.8270e-03 | 6.0560e-02 | 4.6471e-01 | 5.9764e+00 | 1.5939e+01 |
+----------+--------------+------------+------------+------------+------------+------------+------------+------------+
| (16, 50) |              |            |            |            |            |            |            |            |
|          | WT-wise (%)  | 0.0000e+00 | 1.1210e-03 | 2.4670e-02 | 8.7356e-02 | 7.7755e-01 | 7.3393e+00 | 3.5790e+01 |
|          | Sim-wise (%) | 6.0433e-05 | 4.5596e-04 | 3.4243e-03 | 6.1167e-02 | 4.6905e-01 | 5.5461e+00 | 1.5434e+01 |
+----------+--------------+------------+------------+------------+------------+------------+------------+------------+
| (24, 5)  |              |            |            |            |            |            |            |            |
|          | WT-wise (%)  | 0.0000e+00 | 4.7700e-04 | 1.0395e-02 | 4.3721e-02 | 6.1277e-01 | 6.7329e+00 | 3.5634e+01 |
|          | Sim-wise (%) | 5.6865e-05 | 2.6395e-04 | 1.4768e-03 | 5.2370e-02 | 4.3718e-01 | 5.8083e+00 | 1.5686e+01 |
+----------+--------------+------------+------------+------------+------------+------------+------------+------------+
| (24, 10) |              |            |            |            |            |            |            |            |
|          | WT-wise (%)  | 0.0000e+00 | 5.0100e-04 | 1.0991e-02 | 4.5741e-02 | 6.1918e-01 | 6.8170e+00 | 3.5659e+01 |
|          | Sim-wise (%) | 3.1486e-05 | 2.4576e-04 | 1.7700e-03 | 5.0985e-02 | 4.3457e-01 | 5.4244e+00 | 1.5205e+01 |
+----------+--------------+------------+------------+------------+------------+------------+------------+------------+
| (24, 30) |              |            |            |            |            |            |            |            |
|          | WT-wise (%)  | 0.0000e+00 | 6.6760e-04 | 1.4901e-02 | 6.1574e-02 | 6.5632e-01 | 6.9347e+00 | 3.5843e+01 |
|          | Sim-wise (%) | 7.5676e-05 | 3.3743e-04 | 2.2842e-03 | 5.6086e-02 | 4.2351e-01 | 5.5561e+00 | 1.6295e+01 |
+----------+--------------+------------+------------+------------+------------+------------+------------+------------+
| (24, 50) |              |            |            |            |            |            |            |            |
|          | WT-wise (%)  | 0.0000e+00 | 8.5800e-04 | 1.9783e-02 | 7.6351e-02 | 7.0029e-01 | 6.8937e+00 | 3.6070e+01 |
|          | Sim-wise (%) | 5.3251e-05 | 3.7572e-04 | 2.5530e-03 | 5.6466e-02 | 4.3069e-01 | 5.5795e+00 | 1.5881e+01 |
+----------+--------------+------------+------------+------------+------------+------------+------------+------------+
| (32, 5)  |              |            |            |            |            |            |            |            |
|          | WT-wise (%)  | 0.0000e+00 | 3.5760e-04 | 7.8917e-03 | 3.9991e-02 | 5.9267e-01 | 6.5592e+00 | 3.5529e+01 |
|          | Sim-wise (%) | 3.9464e-05 | 1.7691e-04 | 1.3828e-03 | 4.7971e-02 | 4.3532e-01 | 5.8997e+00 | 1.5614e+01 |
+----------+--------------+------------+------------+------------+------------+------------+------------+------------+
| (32, 10) |              |            |            |            |            |            |            |            |
|          | WT-wise (%)  | 0.0000e+00 | 3.7000e-04 | 8.4400e-03 | 4.2744e-02 | 6.0119e-01 | 6.7176e+00 | 3.5753e+01 |
|          | Sim-wise (%) | 4.7205e-05 | 2.0020e-04 | 1.6257e-03 | 5.2699e-02 | 4.2891e-01 | 5.5707e+00 | 1.5797e+01 |
+----------+--------------+------------+------------+------------+------------+------------+------------+------------+
| (32, 30) |              |            |            |            |            |            |            |            |
|          | WT-wise (%)  | 0.0000e+00 | 5.4840e-04 | 1.2696e-02 | 5.9128e-02 | 6.4008e-01 | 6.8470e+00 | 3.5966e+01 |
|          | Sim-wise (%) | 5.7415e-05 | 2.2025e-04 | 2.1118e-03 | 5.8980e-02 | 4.3343e-01 | 5.6758e+00 | 1.6671e+01 |
+----------+--------------+------------+------------+------------+------------+------------+------------+------------+
| (32, 50) |              |            |            |            |            |            |            |            |
|          | WT-wise (%)  | 0.0000e+00 | 7.9870e-04 | 1.8412e-02 | 7.3969e-02 | 6.8507e-01 | 6.7907e+00 | 3.6011e+01 |
|          | Sim-wise (%) | 6.7380e-05 | 3.9060e-04 | 2.7729e-03 | 5.7419e-02 | 4.2676e-01 | 5.7022e+00 | 1.5687e+01 |
+----------+--------------+------------+------------+------------+------------+------------+------------+------------+
| (40, 5)  |              |            |            |            |            |            |            |            |
|          | WT-wise (%)  | 0.0000e+00 | 3.3380e-04 | 7.2000e-03 | 3.9866e-02 | 5.8951e-01 | 6.5386e+00 | 3.5601e+01 |
|          | Sim-wise (%) | 3.9012e-05 | 1.8557e-04 | 1.2980e-03 | 4.8089e-02 | 4.2669e-01 | 5.8238e+00 | 1.5808e+01 |
+----------+--------------+------------+------------+------------+------------+------------+------------+------------+
| (40, 10) |              |            |            |            |            |            |            |            |
|          | WT-wise (%)  | 0.0000e+00 | 3.6950e-04 | 7.9631e-03 | 4.2121e-02 | 6.0118e-01 | 6.7007e+00 | 3.5815e+01 |
|          | Sim-wise (%) | 4.4160e-05 | 2.1144e-04 | 1.7111e-03 | 4.8903e-02 | 4.3503e-01 | 5.6313e+00 | 1.5827e+01 |
+----------+--------------+------------+------------+------------+------------+------------+------------+------------+
| (40, 30) |              |            |            |            |            |            |            |            |
|          | WT-wise (%)  | 0.0000e+00 | 5.3600e-04 | 1.2690e-02 | 5.8901e-02 | 6.3728e-01 | 6.7963e+00 | 3.6075e+01 |
|          | Sim-wise (%) | 2.4199e-05 | 2.5242e-04 | 2.1960e-03 | 5.1769e-02 | 4.3750e-01 | 5.8083e+00 | 1.5987e+01 |
+----------+--------------+------------+------------+------------+------------+------------+------------+------------+
| (40, 50) |              |            |            |            |            |            |            |            |
|          | WT-wise (%)  | 0.0000e+00 | 7.6300e-04 | 1.8239e-02 | 7.4458e-02 | 6.8011e-01 | 6.7850e+00 | 3.6061e+01 |
|          | Sim-wise (%) | 4.9338e-05 | 3.2102e-04 | 2.5436e-03 | 5.3501e-02 | 4.1631e-01 | 5.7216e+00 | 1.6421e+01 |
+----------+--------------+------------+------------+------------+------------+------------+------------+------------+
| (48, 5)  |              |            |            |            |            |            |            |            |
|          | WT-wise (%)  | 0.0000e+00 | 3.3400e-04 | 7.1526e-03 | 4.0068e-02 | 5.9206e-01 | 6.5355e+00 | 3.5624e+01 |
|          | Sim-wise (%) | 3.7425e-05 | 1.9384e-04 | 1.3512e-03 | 4.6839e-02 | 4.3617e-01 | 5.9531e+00 | 1.5633e+01 |
+----------+--------------+------------+------------+------------+------------+------------+------------+------------+
| (48, 10) |              |            |            |            |            |            |            |            |
|          | WT-wise (%)  | 0.0000e+00 | 3.5760e-04 | 7.9036e-03 | 4.1878e-02 | 5.9980e-01 | 6.7091e+00 | 3.5850e+01 |
|          | Sim-wise (%) | 3.9894e-05 | 2.0120e-04 | 1.6358e-03 | 4.9260e-02 | 4.3070e-01 | 5.5099e+00 | 1.5929e+01 |
+----------+--------------+------------+------------+------------+------------+------------+------------+------------+
| (48, 30) |              |            |            |            |            |            |            |            |
|          | WT-wise (%)  | 0.0000e+00 | 5.6000e-04 | 1.2743e-02 | 5.9772e-02 | 6.3531e-01 | 6.8700e+00 | 3.5993e+01 |
|          | Sim-wise (%) | 8.3950e-05 | 3.5336e-04 | 2.1815e-03 | 5.7298e-02 | 4.2979e-01 | 5.7558e+00 | 1.6156e+01 |
+----------+--------------+------------+------------+------------+------------+------------+------------+------------+
| (48, 50) |              |            |            |            |            |            |            |            |
|          | WT-wise (%)  | 0.0000e+00 | 7.6639e-04 | 1.8179e-02 | 7.4458e-02 | 6.7896e-01 | 6.7695e+00 | 3.6065e+01 |
|          | Sim-wise (%) | 7.7994e-05 | 4.3216e-04 | 2.6333e-03 | 5.2069e-02 | 4.0907e-01 | 5.6494e+00 | 1.5902e+01 |
+----------+--------------+------------+------------+------------+------------+------------+------------+------------+