+----------+--------------+------------+------------+------------+------------+------------+------------+------------+
|  Params  |   Quantity   |     Q1     |     Q5     |    Q30     |    Q50     |    Q70     |    Q95     |    Q99     |
+----------+--------------+------------+------------+------------+------------+------------+------------+------------+
| (16, 5)  |              |            |            |            |            |            |            |            |
|          | WT-wise (%)  | 0.0000e+00 | 1.7900e-04 | 1.7900e-04 | 1.8121e-02 | 8.6736e-01 | 9.3696e+00 | 3.3859e+01 |
|          | Sim-wise (%) | 1.7900e-04 | 1.7900e-04 | 1.7900e-04 | 7.3864e-02 | 7.4508e-01 | 9.8178e+00 | 3.0568e+01 |
+----------+--------------+------------+------------+------------+------------+------------+------------+------------+
| (16, 10) |              |            |            |            |            |            |            |            |
|          | WT-wise (%)  | 0.0000e+00 | 1.7900e-04 | 1.7900e-04 | 2.0687e-02 | 8.5895e-01 | 8.8779e+00 | 3.2292e+01 |
|          | Sim-wise (%) | 1.7900e-04 | 1.7900e-04 | 1.7900e-04 | 7.6799e-02 | 7.2055e-01 | 1.0636e+01 | 3.2747e+01 |
+----------+--------------+------------+------------+------------+------------+------------+------------+------------+
| (16, 30) |              |            |            |            |            |            |            |            |
|          | WT-wise (%)  | 0.0000e+00 | 1.7900e-04 | 1.7900e-04 | 2.0417e-02 | 9.0634e-01 | 8.5842e+00 | 3.0939e+01 |
|          | Sim-wise (%) | 1.7900e-04 | 1.7900e-04 | 1.7900e-04 | 7.8776e-02 | 7.3475e-01 | 1.0907e+01 | 3.4345e+01 |
+----------+--------------+------------+------------+------------+------------+------------+------------+------------+
| (16, 50) |              |            |            |            |            |            |            |            |
|          | WT-wise (%)  | 0.0000e+00 | 1.7900e-04 | 1.7900e-04 | 3.1052e-02 | 9.4880e-01 | 8.4635e+00 | 2.9437e+01 |
|          | Sim-wise (%) | 1.7900e-04 | 1.7900e-04 | 1.7900e-04 | 8.5872e-02 | 6.6656e-01 | 1.0606e+01 | 3.2088e+01 |
+----------+--------------+------------+------------+------------+------------+------------+------------+------------+
| (24, 5)  |              |            |            |            |            |            |            |            |
|          | WT-wise (%)  | 0.0000e+00 | 1.7900e-04 | 1.7900e-04 | 1.4873e-02 | 8.0735e-01 | 9.6107e+00 | 3.6235e+01 |
|          | Sim-wise (%) | 1.7900e-04 | 1.7900e-04 | 1.7900e-04 | 7.7892e-02 | 7.2791e-01 | 9.4308e+00 | 3.1831e+01 |
+----------+--------------+------------+------------+------------+------------+------------+------------+------------+
| (24, 10) |              |            |            |            |            |            |            |            |
|          | WT-wise (%)  | 0.0000e+00 | 1.7900e-04 | 1.7900e-04 | 1.6288e-02 | 7.9747e-01 | 8.5564e+00 | 3.2434e+01 |
|          | Sim-wise (%) | 1.7900e-04 | 1.7900e-04 | 1.7900e-04 | 9.1292e-02 | 6.8110e-01 | 9.8187e+00 | 3.4105e+01 |
+----------+--------------+------------+------------+------------+------------+------------+------------+------------+
| (24, 30) |              |            |            |            |            |            |            |            |
|          | WT-wise (%)  | 0.0000e+00 | 1.7900e-04 | 1.7900e-04 | 2.0411e-02 | 8.5687e-01 | 8.5224e+00 | 3.0826e+01 |
|          | Sim-wise (%) | 1.7900e-04 | 1.7900e-04 | 1.7900e-04 | 8.8674e-02 | 6.9360e-01 | 1.0976e+01 | 3.3540e+01 |
+----------+--------------+------------+------------+------------+------------+------------+------------+------------+
| (24, 50) |              |            |            |            |            |            |            |            |
|          | WT-wise (%)  | 0.0000e+00 | 1.7900e-04 | 1.7900e-04 | 2.7064e-02 | 8.7714e-01 | 7.9268e+00 | 3.0240e+01 |
|          | Sim-wise (%) | 1.7900e-04 | 1.7900e-04 | 1.7900e-04 | 7.6792e-02 | 6.6806e-01 | 1.0496e+01 | 3.5859e+01 |
+----------+--------------+------------+------------+------------+------------+------------+------------+------------+
| (32, 5)  |              |            |            |            |            |            |            |            |
|          | WT-wise (%)  | 0.0000e+00 | 1.7900e-04 | 1.7900e-04 | 1.4505e-02 | 8.2366e-01 | 9.6686e+00 | 3.7132e+01 |
|          | Sim-wise (%) | 1.7900e-04 | 1.7900e-04 | 1.7900e-04 | 7.9841e-02 | 7.2042e-01 | 9.9776e+00 | 3.1487e+01 |
+----------+--------------+------------+------------+------------+------------+------------+------------+------------+
| (32, 10) |              |            |            |            |            |            |            |            |
|          | WT-wise (%)  | 0.0000e+00 | 1.7900e-04 | 1.7900e-04 | 1.5976e-02 | 7.8671e-01 | 8.4599e+00 | 3.2985e+01 |
|          | Sim-wise (%) | 1.7900e-04 | 1.7900e-04 | 1.7900e-04 | 7.5229e-02 | 6.9011e-01 | 9.7396e+00 | 3.4743e+01 |
+----------+--------------+------------+------------+------------+------------+------------+------------+------------+
| (32, 30) |              |            |            |            |            |            |            |            |
|          | WT-wise (%)  | 0.0000e+00 | 1.7900e-04 | 1.7900e-04 | 2.1090e-02 | 8.5084e-01 | 8.3680e+00 | 3.1205e+01 |
|          | Sim-wise (%) | 1.7900e-04 | 1.7900e-04 | 1.7900e-04 | 8.2488e-02 | 6.6435e-01 | 1.0550e+01 | 3.3138e+01 |
+----------+--------------+------------+------------+------------+------------+------------+------------+------------+
| (32, 50) |              |            |            |            |            |            |            |            |
|          | WT-wise (%)  | 0.0000e+00 | 1.7900e-04 | 1.7900e-04 | 2.1483e-02 | 8.8571e-01 | 7.9825e+00 | 3.0473e+01 |
|          | Sim-wise (%) | 1.7900e-04 | 1.7900e-04 | 1.7900e-04 | 8.3481e-02 | 6.4455e-01 | 1.0808e+01 | 3.5554e+01 |
+----------+--------------+------------+------------+------------+------------+------------+------------+------------+
| (40, 5)  |              |            |            |            |            |            |            |            |
|          | WT-wise (%)  | 0.0000e+00 | 1.7900e-04 | 1.7900e-04 | 1.4492e-02 | 8.2702e-01 | 9.5813e+00 | 3.7435e+01 |
|          | Sim-wise (%) | 1.7900e-04 | 1.7900e-04 | 1.7900e-04 | 8.1291e-02 | 7.4947e-01 | 1.0548e+01 | 3.1999e+01 |
+----------+--------------+------------+------------+------------+------------+------------+------------+------------+
| (40, 10) |              |            |            |            |            |            |            |            |
|          | WT-wise (%)  | 0.0000e+00 | 1.7900e-04 | 1.7900e-04 | 1.5971e-02 | 7.9002e-01 | 8.5519e+00 | 3.2847e+01 |
|          | Sim-wise (%) | 1.7900e-04 | 1.7900e-04 | 1.7900e-04 | 8.2140e-02 | 6.9184e-01 | 9.4330e+00 | 3.4104e+01 |
+----------+--------------+------------+------------+------------+------------+------------+------------+------------+
| (40, 30) |              |            |            |            |            |            |            |            |
|          | WT-wise (%)  | 0.0000e+00 | 1.7900e-04 | 1.7900e-04 | 2.0299e-02 | 8.5128e-01 | 8.5625e+00 | 3.0872e+01 |
|          | Sim-wise (%) | 1.7900e-04 | 1.7900e-04 | 1.7900e-04 | 8.5428e-02 | 6.8866e-01 | 1.0639e+01 | 3.2687e+01 |
+----------+--------------+------------+------------+------------+------------+------------+------------+------------+
| (40, 50) |              |            |            |            |            |            |            |            |
|          | WT-wise (%)  | 0.0000e+00 | 1.7900e-04 | 1.7900e-04 | 2.0851e-02 | 8.7694e-01 | 7.9898e+00 | 2.9969e+01 |
|          | Sim-wise (%) | 1.7900e-04 | 1.7900e-04 | 1.7900e-04 | 8.3191e-02 | 6.7175e-01 | 1.0945e+01 | 3.7169e+01 |
+----------+--------------+------------+------------+------------+------------+------------+------------+------------+
| (48, 5)  |              |            |            |            |            |            |            |            |
|          | WT-wise (%)  | 0.0000e+00 | 1.7900e-04 | 1.7900e-04 | 1.4492e-02 | 8.2702e-01 | 9.5813e+00 | 3.7435e+01 |
|          | Sim-wise (%) | 1.7900e-04 | 1.7900e-04 | 1.7900e-04 | 8.1291e-02 | 7.4947e-01 | 1.0548e+01 | 3.1999e+01 |
+----------+--------------+------------+------------+------------+------------+------------+------------+------------+
| (48, 10) |              |            |            |            |            |            |            |            |
|          | WT-wise (%)  | 0.0000e+00 | 1.7900e-04 | 1.7900e-04 | 1.6016e-02 | 7.8930e-01 | 8.5144e+00 | 3.3119e+01 |
|          | Sim-wise (%) | 1.7900e-04 | 1.7900e-04 | 1.7900e-04 | 8.2140e-02 | 6.9050e-01 | 9.3867e+00 | 3.4104e+01 |
+----------+--------------+------------+------------+------------+------------+------------+------------+------------+
| (48, 30) |              |            |            |            |            |            |            |            |
|          | WT-wise (%)  | 0.0000e+00 | 1.7900e-04 | 1.7900e-04 | 2.0184e-02 | 8.4816e-01 | 8.5018e+00 | 3.0827e+01 |
|          | Sim-wise (%) | 1.7900e-04 | 1.7900e-04 | 1.7900e-04 | 8.5088e-02 | 6.8912e-01 | 1.0736e+01 | 3.2924e+01 |
+----------+--------------+------------+------------+------------+------------+------------+------------+------------+
| (48, 50) |              |            |            |            |            |            |            |            |
|          | WT-wise (%)  | 0.0000e+00 | 1.7900e-04 | 1.7900e-04 | 2.0851e-02 | 8.7694e-01 | 7.9898e+00 | 2.9969e+01 |
|          | Sim-wise (%) | 1.7900e-04 | 1.7900e-04 | 1.7900e-04 | 8.3191e-02 | 6.7175e-01 | 1.0945e+01 | 3.7169e+01 |
+----------+--------------+------------+------------+------------+------------+------------+------------+------------+
